 1000 0.020 0.069 0.000 0.000
 1500 0.024 0.052 0.000 0.000
 2000 0.045 0.106 0.000 0.000
 2500 0.085 0.214 0.000 0.000
 3000 0.115 0.394 0.000 0.000
 3500 0.181 0.626 0.000 0.000
 4000 0.175 0.929 0.000 0.000
 4500 0.337 1.611 0.000 0.000
 5000 0.303 2.189 0.000 0.000
 5500 0.346 3.070 0.000 0.000
 6000 0.429 4.462 0.000 0.000
 6500 0.481 5.360 0.000 0.000
 7000 0.621 6.709 0.000 0.000
 7500 0.747 8.510 0.000 0.000
 8000 0.89610.655 0.000 0.000
 8500 1.06012.595 0.000 0.000
 9000 1.05115.303 0.000 0.000
 9500 1.27718.003 0.000 0.000
10000 1.38021.005 0.000 0.000
