 1000       0.151652       0.203198       0.299087       0.005876
  1500       0.300953       0.488606       0.701643       0.096092
  2000       0.490378       0.607255       1.203318       0.099872
  2500       0.992373       0.995789       2.098276       0.292889
  3000       1.154780       1.195484       3.006731       0.489069
  3500       1.729440       1.992996       4.503804       0.497326
  4000       2.675685       2.587316       7.010289       0.799245
  4500       2.728049       3.095593      10.396408       1.096846
  5000       4.070611       3.684667      13.999128       1.411374
  5500       4.942998       4.575658      18.803318       2.098697
  6000       6.180137       5.504356      24.189298       2.299720
  6500       8.125215       7.014306      32.651858       2.913238
  7000       8.782530       7.503194      43.465398       3.303759
  7500      12.178262       8.995947      49.766811       4.104618
  8000      14.083608      10.386428      60.767969       4.905506
  8500      16.692448      12.174731      76.660354       5.500379
  9000      17.639658      12.848505      97.784530       6.784813
  9500      22.701223      15.885054     105.928244       7.905100
 10000      24.111450      16.762770     128.736786       8.789229
 10500      28.761314      18.730070     149.152239       9.895387
