 1000       0.095944       0.097145       0.087524       0.005040
  1500       0.109243       0.199909       0.204221       0.085398
  2000       0.213110       0.294702       0.500360       0.093386
  2500       0.484195       0.602859       1.112402       0.186453
  3000       0.673712       0.806342       1.588588       0.125078
  3500       0.754101       1.210222       2.791971       0.592395
  4000       1.491404       1.605663       4.420853       0.586125
  4500       2.285876       1.781547       4.601212       0.792192
  5000       2.728122       2.620833       8.378200       0.896474
  5500       3.778252       3.307899      11.294808       1.501424
  6000       4.612670       3.602090      11.364345       1.899772
  6500       6.254649       4.110869      19.585254       2.396009
  7000       7.281011       5.122121      19.496937       1.776102
  7500       6.505742       4.886125      25.610567       2.704005
  8000       8.961123       6.597038      34.886556       3.627819
  8500      12.161879       6.424175      35.585235       3.390290
  9000      12.573002       7.280883      47.693646       3.793960
  9500      15.776680       9.976592      53.000214       8.611091
 10000      21.515696      11.458080      63.765219       5.801471
 10500      20.166292      12.569538      77.465458       6.086028
 11000      24.946971      12.949016      80.023872       7.026621
 11500      28.670663      15.339962      89.665369       9.597482
 12000      29.265098      16.670771     106.722326      13.498935
 12500      30.912123      17.011340     117.888405      11.699277